name: KneadData_env
channels:
  - bioconda
  - conda-forge
  - defaults
dependencies:
  - _libgcc_mutex=0.1=conda_forge
  - _openmp_mutex=4.5=2_gnu
  - alsa-lib=1.2.3.2=h166bdaf_0
  - blast=2.16.0=hc155240_3
  - bmtool=3.101=h503566f_6
  - bowtie2=2.5.4=h7071971_4
  - bzip2=1.0.8=h4bc722e_7
  - c-ares=1.11.0=h470a237_1
  - ca-certificates=2025.4.26=hbd8a1cb_0
  - cairo=1.16.0=h6cf1ce9_1008
  - curl=7.71.1=he644dc0_8
  - entrez-direct=22.4=he881be0_0
  - expat=2.7.0=h5888daf_0
  - fastqc=0.12.1=hdfd78af_0
  - font-ttf-dejavu-sans-mono=2.37=hab24e00_0
  - fontconfig=2.14.2=h14ed4e7_0
  - freetype=2.12.1=h267a509_2
  - giflib=5.2.2=hd590300_0
  - graphite2=1.3.13=h59595ed_1003
  - harfbuzz=2.9.1=h83ec7ef_1
  - icu=68.2=h9c3ff4c_0
  - jpeg=9e=h0b41bf4_3
  - kneaddata=0.12.2=pyhdfd78af_0
  - krb5=1.17.2=h926e7f8_0
  - lcms2=2.12=hddcbb42_0
  - ld_impl_linux-64=2.43=h712a8e2_4
  - libasprintf=0.24.1=h8e693c7_0
  - libcurl=7.71.1=hcdd3856_8
  - libedit=3.1.20250104=pl5321h7949ede_0
  - libev=4.33=hd590300_2
  - libexpat=2.7.0=h5888daf_0
  - libffi=3.4.6=h2dba641_1
  - libgcc=15.1.0=h767d61c_2
  - libgcc-ng=15.1.0=h69a702a_2
  - libgettextpo=0.24.1=h5888daf_0
  - libglib=2.80.2=hf974151_0
  - libgomp=15.1.0=h767d61c_2
  - libiconv=1.18=h4ce23a2_1
  - libidn2=2.3.8=ha4ef2c3_0
  - liblzma=5.8.1=hb9d3cd8_2
  - liblzma-devel=5.8.1=hb9d3cd8_2
  - libnghttp2=1.41.0=hab1572f_1
  - libnsl=2.0.1=hd590300_0
  - libpng=1.6.43=h2797004_0
  - libsqlite=3.46.0=hde9e2c9_0
  - libssh2=1.10.0=haa6b8db_3
  - libstdcxx=15.1.0=h8f9b012_2
  - libstdcxx-ng=15.1.0=h4852527_2
  - libtiff=4.2.0=hf544144_3
  - libunistring=0.9.10=h7f98852_0
  - libuuid=2.38.1=h0b41bf4_0
  - libwebp-base=1.5.0=h851e524_0
  - libxcb=1.17.0=h8a09558_0
  - libzlib=1.2.13=h4ab18f5_6
  - ncbi-vdb=3.2.1=h9948957_0
  - ncurses=6.5=h2d0b736_3
  - openjdk=11.0.9.1=h5cc2fde_1
  - openssl=1.1.1w=hd590300_0
  - pcre2=10.43=hcad00b1_0
  - perl=5.26.2=h36c2ea0_1008
  - perl-archive-tar=2.32=pl526_0
  - perl-carp=1.38=pl526_3
  - perl-common-sense=3.74=pl526_2
  - perl-compress-raw-bzip2=2.087=pl526he1b5a44_0
  - perl-compress-raw-zlib=2.087=pl526hc9558a2_0
  - perl-exporter=5.72=pl526_1
  - perl-exporter-tiny=1.002001=pl526_0
  - perl-extutils-makemaker=7.36=pl526_1
  - perl-io-compress=2.087=pl526he1b5a44_0
  - perl-io-zlib=1.10=pl526_2
  - perl-json=4.02=pl526_0
  - perl-json-xs=2.34=pl526h6bb024c_3
  - perl-list-moreutils=0.428=pl526_1
  - perl-list-moreutils-xs=0.428=pl526_0
  - perl-pathtools=3.75=pl526h14c3975_1
  - perl-scalar-list-utils=1.52=pl526h516909a_0
  - perl-types-serialiser=1.0=pl526_2
  - perl-xsloader=0.24=pl526_0
  - pip=25.1.1=pyh8b19718_0
  - pixman=0.46.2=h29eaf8c_0
  - pthread-stubs=0.4=hb9d3cd8_1002
  - python=3.11.0=h10a6764_1_cpython
  - readline=8.2=h8c095d6_2
  - rpsbproc=0.5.0=h6a68c12_1
  - samtools=1.5=1
  - setuptools=80.9.0=pyhff2d567_0
  - srprism=2.4.24=h6a68c12_5
  - tk=8.6.13=noxft_h4845f30_101
  - trf=4.09.1=h7b50bb2_7
  - trimmomatic=0.39=hdfd78af_2
  - tzdata=2025b=h78e105d_0
  - wget=1.20.3=ha56f1ee_1
  - wheel=0.45.1=pyhd8ed1ab_1
  - xorg-libice=1.1.2=hb9d3cd8_0
  - xorg-libsm=1.2.6=he73a12e_0
  - xorg-libx11=1.8.12=h4f16b4b_0
  - xorg-libxau=1.0.12=hb9d3cd8_0
  - xorg-libxdmcp=1.1.5=hb9d3cd8_0
  - xorg-libxext=1.3.6=hb9d3cd8_0
  - xorg-libxfixes=6.0.1=hb9d3cd8_0
  - xorg-libxi=1.8.2=hb9d3cd8_0
  - xorg-libxrender=0.9.12=hb9d3cd8_0
  - xorg-libxtst=1.2.5=hb9d3cd8_3
  - xz=5.8.1=hbcc6ac9_2
  - xz-gpl-tools=5.8.1=hbcc6ac9_2
  - xz-tools=5.8.1=hb9d3cd8_2
  - zlib=1.2.13=h4ab18f5_6
  - zstd=1.5.6=ha6fb4c9_0
